#       r                 g_11(r)
         0.50000         0.00000
         1.00000         0.00000
         1.50000         0.00000
         2.00000         0.00000
         2.50000         0.00000
         3.00000         0.00000
         3.50000         0.00000
         4.00000         0.00000
         4.50000         0.00000
         5.00000         0.00000
         5.50000         0.00000
         6.00000         0.00000
         6.50000         0.00000
         7.00000         0.00000
         7.50000         0.00000
         8.00000         0.00000
         8.50000         0.00000
         9.00000         0.00000
         9.50000         0.00000
        10.00000         0.00000
        10.50000        14.43308
        11.00000         0.00000
        11.50000         0.00000
        12.00000         0.00000
        12.50000         0.00000
        13.00000         0.00000
        13.50000         0.00000
        14.00000         0.00000
        14.50000         0.00000
        15.00000         3.53645
        15.50000         0.00000
        16.00000         0.00000
        16.50000         0.00000
        17.00000         0.00000
        17.50000         0.00000
        18.00000         0.00000
        18.50000         9.29993
        19.00000         0.00000
        19.50000         0.00000
        20.00000         0.00000
        20.50000         0.00000
        21.00000         3.60878
        21.50000         0.00000
        22.00000         0.00000
        22.50000         0.00000
        23.00000         0.00000
        23.50000         5.76365
        24.00000         0.00000
        24.50000         0.00000
        25.00000         0.00000
        25.50000         0.00000
        26.00000         1.56953
        26.50000         0.00000
        27.00000         0.00000
        27.50000         0.00000
        28.00000         8.11993
        28.50000         0.00000
        29.00000         0.00000
        29.50000         0.00000
        30.00000         0.88417
        30.50000         0.00000
        31.00000         0.00000
        31.50000         4.81184
        32.00000         0.00000
        32.50000         0.00000
        33.00000         0.00000
        33.50000         2.83630
        34.00000         0.00000
        34.50000         0.00000
        35.00000         2.59840
        35.50000         0.00000
        36.00000         0.00000
        36.50000         2.38923
        37.00000         0.00000
        37.50000         0.00000
        38.00000         6.61298
        38.50000         0.00000
        39.00000         0.00000
        39.50000         0.00000
        40.00000         0.00000
        40.50000         0.00000
        41.00000         3.78710
        41.50000         0.00000
        42.00000         0.00000
        42.50000         0.88112
        43.00000         0.00000
        43.50000         3.36431
        44.00000         0.00000
        44.50000         0.00000
        45.00000         1.96485
        45.50000         0.00000
        46.00000         4.51285
        46.50000         0.00000
        47.00000         1.44095
        47.50000         0.00000
        48.00000         0.00000
        48.50000         2.70640
        49.00000         0.00000
        49.50000         1.29908
        50.00000         0.00000
        50.50000         2.49628
        51.00000         0.00000
        51.50000         0.40005
        52.00000         0.00000
        52.50000         0.00000
        53.00000         3.96609
        53.50000         0.00000
        54.00000         1.09159
        54.50000         0.00000
        55.00000         4.20902
        55.50000         0.00000
        56.00000         2.03002
        56.50000         0.00000
        57.00000         0.97971
        57.50000         0.00000
        58.00000         0.00000
        58.50000         0.00000
        59.00000         3.65766
        59.50000         0.00000
        60.00000         0.22105
        60.50000         3.47854
        61.00000         0.00000
        61.50000         1.68317
        62.00000         0.00000
        62.50000         1.62974
        63.00000         0.00000
        63.50000         1.18411
        64.00000         0.00000
        64.50000         3.82558
        65.00000         0.75339
        65.50000         0.00000
        66.00000         1.46147
        66.50000         0.00000
        67.00000         0.70909
        67.50000         1.39723
        68.00000         0.00000
        68.50000         1.35674
        69.00000         0.00000
        69.50000         3.29494
        70.00000         0.64961
        70.50000         0.00000
        71.00000         3.15720
        71.50000         0.00000
        72.00000         0.00000
        72.50000         2.42232
        73.00000         0.59731
        73.50000         0.00000
        74.00000         2.61576
        74.50000         0.71688
        75.00000         0.00000
        75.50000         1.11682
        76.00000         1.65327
        76.50000         0.00000
        77.00000         1.61060
        77.50000         0.70661
        78.00000         0.00000
        78.50000         3.09927
        79.00000         0.00000
        79.50000         2.01453
        80.00000         0.00000
        80.50000         1.47359
        81.00000         1.45546
        81.50000         0.00000
        82.00000         0.94678
        82.50000         2.33835
        83.00000         0.00000
        83.50000         0.00000
        84.00000         2.70671
        84.50000         0.22290
        85.00000         0.88113
        85.50000         0.00000
        86.00000         0.86076
        86.50000         2.97792
        87.00000         0.84109
        87.50000         1.66300
        88.00000         0.00000
        88.50000         0.81281
        89.00000         0.80371
        89.50000         0.49672
        90.00000         3.14379
        90.50000         0.00000
        91.00000         0.38438
        91.50000         1.90097
        92.00000         1.12822
        92.50000         1.48807
        93.00000         0.00000
        93.50000         0.00000
        94.00000         1.44097
        94.50000         0.35644
        95.00000         1.58714
        95.50000         1.39605
        96.00000         1.72694
        96.50000         0.00000
        97.00000         0.67661
        97.50000         2.00905
        98.00000         0.33143
        98.50000         1.96846
        99.00000         0.32477
        99.50000         1.28606
       100.00000         0.95493
       100.50000         0.00000
       101.00000         1.87222
       101.50000         0.61794
       102.00000         1.83569
       102.50000         0.00000
       103.00000         0.60007
       103.50000         0.09905
       104.00000         2.94295
       104.50000         0.65584
       105.00000         1.44357
       105.50000         1.00095
       106.00000         0.84988
       106.50000         0.56128
       107.00000         2.78023
       107.50000         0.27544
       108.00000         1.09160
       108.50000         0.00000
       109.00000         0.80374
       109.50000         0.79642
       110.00000         1.05226
       110.50000         1.30345
       111.00000         0.00000
       111.50000         1.53621
       112.00000         0.50751
       112.50000         1.00601
       113.00000         0.49856
       113.50000         2.47092
       114.00000         0.24493
       114.50000         2.91353
       115.00000         0.96275
       115.50000         0.00000
       116.00000         1.30106
       116.50000         0.70359
       117.00000         1.39517
       117.50000         0.92222
       118.00000         1.37163
       118.50000         0.00000
       119.00000         1.79823
       119.50000         0.05573
       120.00000         0.88419
       120.50000         0.87687
       121.00000         0.65223
       121.50000         0.86250
       122.00000         2.13860
       122.50000         1.90906
       123.00000         0.42079
       123.50000         1.25218
       124.00000         0.82807
       124.50000         1.43750
       125.00000         0.40743
       125.50000         0.80839
       126.00000         0.00000
       126.50000         1.19349
       127.00000         2.26954
       127.50000         0.39162
       128.00000         1.35996
       128.50000         0.96386
       129.00000         0.57384
       129.50000         0.44288
       130.00000         1.31843
       130.50000         1.86909
       131.00000         0.74193
       131.50000         0.73630
       132.00000         0.36537
       132.50000         2.35701
       133.00000         1.07969
       133.50000         0.17860
       134.00000         0.70908
       134.50000         0.74782
       135.00000         1.92120
       135.50000         1.04021
       136.00000         0.51629
       136.50000         1.02503
       137.00000         0.33919
       137.50000         1.59944
       138.00000         1.50429
       138.50000         0.82970
       139.00000         0.82374
       139.50000         1.63568
       140.00000         0.16240
       140.50000         1.28999
       141.00000         0.96065
       141.50000         1.27182
       142.00000         1.42074
       142.50000         0.31351
       143.00000         0.93396
       143.50000         0.92746
       144.00000         0.30701
       144.50000         2.13423
       145.00000         1.81675
       145.50000         0.00000
       146.00000         0.59731
       146.50000         1.63143
       147.00000         0.29461
       147.50000         1.17045
       148.00000         0.65394
       148.50000         1.15475
       149.00000         1.43376
       149.50000         0.17802
       150.00000         2.12206
       150.50000         1.12426
       151.00000         1.39603
       151.50000         0.00000
       152.00000         1.37772
       152.50000         0.95809
       153.00000         0.54391
       153.50000         0.67547
       154.00000         2.01325
       154.50000         0.40005
       155.00000         0.97160
       155.50000         1.57968
       156.00000         0.39239
       156.50000         1.29963
       157.00000         0.51655
       157.50000         2.05309
       158.00000         0.00000
       158.50000         1.33040
       159.00000         1.38499
       159.50000         0.50048
       160.00000         1.86509
       160.50000         0.49426
       161.00000         0.85960
       161.50000         0.61020
       162.00000         1.21289
       162.50000         1.56707
       163.00000         0.00000
       163.50000         0.71444
       164.00000         1.18348
       164.50000         1.91150
       165.00000         0.58459
       165.50000         1.04591
       166.00000         1.61719
       166.50000         0.45928
       167.00000         0.68481
       167.50000         1.47490
       168.00000         1.57892
       168.50000         0.89689
       169.00000         0.05572
       169.50000         1.55110
       170.00000         0.88114
       170.50000         0.76648
       171.00000         0.54429
       171.50000         0.86579
       172.00000         1.50632
       172.50000         1.28367
       173.00000         1.27625
       173.50000         0.00000
       174.00000         1.47190
       174.50000         1.25441
       175.00000         1.14331
       175.50000         0.41338
       176.00000         1.43864
       176.50000         1.43050
       177.00000         0.40641
       177.50000         1.91958
       178.00000         0.20093
       178.50000         0.79922
       179.00000         0.79476
       179.50000         0.96322
       180.00000         1.17892
       180.50000         0.78160
       181.00000         1.10115
       181.50000         1.06289
       182.00000         1.53754
       182.50000         1.05127
       183.00000         0.47524
       183.50000         1.13438
       184.00000         0.84617
       184.50000         0.56106
       185.00000         2.13912
       185.50000         0.92504
       186.00000         0.36803
