#       r                 g_11(r)
         0.50000         0.00000
         1.00000         0.00000
         1.50000         0.00000
         2.00000         0.00000
         2.50000         0.00000
         3.00000         0.00000
         3.50000         0.00000
         4.00000         0.00000
         4.50000         0.00000
         5.00000         0.00000
         5.50000         0.00000
         6.00000         0.00000
         6.50000         0.00000
         7.00000         0.00000
         7.50000         0.00000
         8.00000         0.00000
         8.50000         0.00000
         9.00000         0.00000
         9.50000         0.00000
        10.00000         0.00000
        10.50000         0.00000
        11.00000         0.00000
        11.50000         0.00000
        12.00000         0.00000
        12.50000         0.00000
        13.00000         0.00000
        13.50000         0.00000
        14.00000         0.00000
        14.50000         0.00000
        15.00000        14.14578
        15.50000         0.00000
        16.00000         0.00000
        16.50000         0.00000
        17.00000         0.00000
        17.50000         0.00000
        18.00000         0.00000
        18.50000         0.00000
        19.00000         0.00000
        19.50000         0.00000
        20.00000         0.00000
        20.50000         0.00000
        21.00000        14.43513
        21.50000         0.00000
        22.00000         0.00000
        22.50000         0.00000
        23.00000         0.00000
        23.50000         0.00000
        24.00000         0.00000
        24.50000         0.00000
        25.00000         0.00000
        25.50000         0.00000
        26.00000         6.27810
        26.50000         0.00000
        27.00000         0.00000
        27.50000         0.00000
        28.00000         0.00000
        28.50000         0.00000
        29.00000         0.00000
        29.50000         0.00000
        30.00000         3.53669
        30.50000         0.00000
        31.00000         0.00000
        31.50000         0.00000
        32.00000         0.00000
        32.50000         0.00000
        33.00000         0.00000
        33.50000        11.34520
        34.00000         0.00000
        34.50000         0.00000
        35.00000         0.00000
        35.50000         0.00000
        36.00000         0.00000
        36.50000         9.55690
        37.00000         0.00000
        37.50000         0.00000
        38.00000         0.00000
        38.50000         0.00000
        39.00000         0.00000
        39.50000         0.00000
        40.00000         0.00000
        40.50000         0.00000
        41.00000         0.00000
        41.50000         0.00000
        42.00000         0.00000
        42.50000         3.52449
        43.00000         0.00000
        43.50000         0.00000
        44.00000         0.00000
        44.50000         0.00000
        45.00000         7.85941
        45.50000         0.00000
        46.00000         0.00000
        46.50000         0.00000
        47.00000         5.76381
        47.50000         0.00000
        48.00000         0.00000
        48.50000         0.00000
        49.00000         0.00000
        49.50000         5.19632
        50.00000         0.00000
        50.50000         0.00000
        51.00000         0.00000
        51.50000         1.60019
        52.00000         0.00000
        52.50000         0.00000
        53.00000         0.00000
        53.50000         0.00000
        54.00000         4.36636
        54.50000         0.00000
        55.00000         0.00000
        55.50000         0.00000
        56.00000         8.12009
        56.50000         0.00000
        57.00000         0.00000
        57.50000         0.00000
        58.00000         0.00000
        58.50000         0.00000
        59.00000         0.00000
        59.50000         0.00000
        60.00000         0.88419
        60.50000         0.00000
        61.00000         0.00000
        61.50000         6.73267
        62.00000         0.00000
        62.50000         0.00000
        63.00000         0.00000
        63.50000         4.73643
        64.00000         0.00000
        64.50000         0.00000
        65.00000         3.01357
        65.50000         0.00000
        66.00000         0.00000
        66.50000         0.00000
        67.00000         2.83635
        67.50000         0.00000
        68.00000         0.00000
        68.50000         5.42695
        69.00000         0.00000
        69.50000         0.00000
        70.00000         2.59844
        70.50000         0.00000
        71.00000         0.00000
        71.50000         0.00000
        72.00000         0.00000
        72.50000         0.00000
        73.00000         2.38926
        73.50000         0.00000
        74.00000         0.00000
        74.50000         2.86751
        75.00000         0.00000
        75.50000         0.00000
        76.00000         6.61307
        76.50000         0.00000
        77.00000         0.00000
        77.50000         2.82646
        78.00000         0.00000
        78.50000         0.00000
        79.00000         0.00000
        79.50000         0.00000
        80.00000         0.00000
        80.50000         5.89437
        81.00000         0.00000
        81.50000         0.00000
        82.00000         3.78714
        82.50000         0.00000
        83.00000         0.00000
        83.50000         0.00000
        84.00000         0.00000
        84.50000         0.89159
        85.00000         0.00000
        85.50000         0.00000
        86.00000         3.44304
        86.50000         0.00000
        87.00000         3.36435
        87.50000         0.00000
        88.00000         0.00000
        88.50000         3.25126
        89.00000         0.00000
        89.50000         1.98688
        90.00000         0.00000
        90.50000         0.00000
        91.00000         1.53754
        91.50000         0.00000
        92.00000         4.51289
        92.50000         0.00000
        93.00000         0.00000
        93.50000         0.00000
        94.00000         0.00000
        94.50000         1.42575
        95.00000         0.00000
        95.50000         5.58421
        96.00000         0.00000
        96.50000         0.00000
        97.00000         2.70642
        97.50000         0.00000
        98.00000         1.32574
        98.50000         0.00000
        99.00000         1.29909
        99.50000         0.00000
       100.00000         3.81971
       100.50000         0.00000
       101.00000         0.00000
       101.50000         2.47176
       102.00000         0.00000
       102.50000         0.00000
       103.00000         0.00000
       103.50000         0.39619
       104.00000         0.00000
       104.50000         2.62336
       105.00000         0.00000
       105.50000         4.00381
       106.00000         0.00000
       106.50000         2.24512
       107.00000         0.00000
       107.50000         1.10178
       108.00000         0.00000
       108.50000         0.00000
       109.00000         3.21496
       109.50000         0.00000
       110.00000         4.20905
       110.50000         0.00000
       111.00000         0.00000
       111.50000         0.00000
       112.00000         2.03003
       112.50000         0.00000
       113.00000         1.99426
       113.50000         0.00000
       114.00000         0.97971
       114.50000         2.91353
       115.00000         0.00000
       115.50000         0.00000
       116.00000         0.00000
       116.50000         2.81435
       117.00000         0.00000
       117.50000         3.68888
       118.00000         0.00000
       118.50000         0.00000
       119.00000         0.00000
       119.50000         0.22290
       120.00000         0.00000
       120.50000         3.50748
       121.00000         0.00000
       121.50000         3.44999
       122.00000         0.00000
       122.50000         0.84847
       123.00000         1.68317
       123.50000         0.00000
       124.00000         3.31227
       124.50000         0.00000
       125.00000         1.62974
       125.50000         0.00000
       126.00000         0.00000
       126.50000         0.00000
       127.00000         1.18411
       127.50000         1.56646
       128.00000         0.00000
       128.50000         3.85543
       129.00000         0.00000
       129.50000         1.77152
       130.00000         0.75339
       130.50000         0.00000
       131.00000         2.96774
       131.50000         0.00000
       132.00000         1.46148
       132.50000         0.00000
       133.00000         0.00000
       133.50000         0.71441
       134.00000         0.00000
       134.50000         2.99127
       135.00000         0.00000
       135.50000         1.38695
       136.00000         2.06516
       136.50000         0.00000
       137.00000         1.35675
       137.50000         1.34690
       138.00000         0.00000
       138.50000         3.31880
       139.00000         0.00000
       139.50000         0.00000
       140.00000         0.64961
       140.50000         0.00000
       141.00000         3.84258
       141.50000         3.17956
       142.00000         0.00000
       142.50000         1.25404
       143.00000         0.00000
       143.50000         0.00000
       144.00000         1.22805
       144.50000         0.00000
       145.00000         2.42234
       145.50000         0.00000
       146.00000         0.00000
       146.50000         0.59325
       147.00000         1.17843
       147.50000         0.00000
       148.00000         2.61576
       148.50000         1.73212
       149.00000         0.00000
       149.50000         0.71209
       150.00000         3.96117
       150.50000         0.00000
       151.00000         1.11682
       151.50000         0.00000
       152.00000         0.00000
       152.50000         1.64244
       153.00000         2.17564
       153.50000         0.00000
       154.00000         1.61060
       154.50000         1.60020
       155.00000         0.70662
       155.50000         0.00000
       156.00000         1.56957
       156.50000         3.11912
       157.00000         0.00000
       157.50000         0.00000
       158.00000         0.00000
       158.50000         0.00000
       159.00000         2.01453
       159.50000         2.00192
       160.00000         0.99472
       160.50000         0.00000
       161.00000         1.47360
       161.50000         2.44081
       162.00000         0.00000
       162.50000         1.44652
       163.00000         0.00000
       163.50000         0.95259
       164.00000         0.00000
       164.50000         1.52920
       165.00000         2.33835
       165.50000         0.92970
       166.00000         0.00000
       166.50000         0.00000
       167.00000         2.73922
       167.50000         2.72289
       168.00000         0.00000
       168.50000         0.00000
       169.00000         0.22290
       169.50000         2.65902
       170.00000         0.00000
       170.50000         0.87598
       171.00000         2.17715
       171.50000         0.86579
       172.00000         0.00000
       172.50000         0.85578
       173.00000         2.97792
       173.50000         0.00000
       174.00000         0.84108
       174.50000         0.00000
       175.00000         1.66300
       175.50000         1.65354
       176.00000         1.23312
       176.50000         0.81743
       177.00000         0.00000
       177.50000         1.61649
       178.00000         0.80371
       178.50000         0.00000
       179.00000         0.00000
       179.50000         0.49396
       180.00000         1.57189
       180.50000         3.12642
       181.00000         0.90683
       181.50000         0.38650
       182.00000         0.00000
       182.50000         2.67597
       183.00000         1.90098
       183.50000         0.00000
       184.00000         1.12822
       184.50000         0.00000
       185.00000         2.23212
       185.50000         1.48007
       186.00000         1.47213
