#       r                 g_11(r)
         0.50000         0.00000
         1.00000         0.00000
         1.50000         0.00000
         2.00000         0.00000
         2.50000         0.00000
         3.00000         0.00000
         3.50000         0.00000
         4.00000         0.00000
         4.50000         0.00000
         5.00000         0.00000
         5.50000         0.00000
         6.00000         0.00000
         6.50000         0.00000
         7.00000         0.00000
         7.50000         0.00000
         8.00000         0.00000
         8.50000         0.00000
         9.00000         0.00000
         9.50000         0.00000
        10.00000         0.00000
        10.50000         0.00000
        11.00000         0.00000
        11.50000         0.00000
        12.00000         0.00000
        12.50000         0.00000
        13.00000        12.55504
        13.50000         0.00000
        14.00000         0.00000
        14.50000         0.00000
        15.00000         7.07289
        15.50000         0.00000
        16.00000         0.00000
        16.50000         0.00000
        17.00000         0.00000
        17.50000         0.00000
        18.00000         0.00000
        18.50000         0.00000
        19.00000         0.00000
        19.50000         0.00000
        20.00000         0.00000
        20.50000         0.00000
        21.00000         7.21756
        21.50000         0.00000
        22.00000         0.00000
        22.50000         0.00000
        23.00000         0.00000
        23.50000         0.00000
        24.00000         0.00000
        24.50000         0.00000
        25.00000        10.18557
        25.50000         0.00000
        26.00000         3.13905
        26.50000         0.00000
        27.00000         0.00000
        27.50000         0.00000
        28.00000         0.00000
        28.50000         0.00000
        29.00000         0.00000
        29.50000         0.00000
        30.00000         1.76835
        30.50000         0.00000
        31.00000         0.00000
        31.50000         0.00000
        32.00000         0.00000
        32.50000         6.02704
        33.00000         0.00000
        33.50000         5.67260
        34.00000         0.00000
        34.50000         0.00000
        35.00000         0.00000
        35.50000         0.00000
        36.00000         0.00000
        36.50000         4.77845
        37.00000         0.00000
        37.50000         0.00000
        38.00000         0.00000
        38.50000         0.00000
        39.00000         5.58063
        39.50000         0.00000
        40.00000         0.00000
        40.50000         0.00000
        41.00000         0.00000
        41.50000         0.00000
        42.00000         0.00000
        42.50000         1.76225
        43.00000         0.00000
        43.50000         0.00000
        44.00000         6.57657
        44.50000         0.00000
        45.00000         3.92971
        45.50000         0.00000
        46.00000         0.00000
        46.50000         0.00000
        47.00000         2.88191
        47.50000         0.00000
        48.00000         0.00000
        48.50000         0.00000
        49.00000         2.65145
        49.50000         2.59816
        50.00000         0.00000
        50.50000         0.00000
        51.00000         0.00000
        51.50000         0.80009
        52.00000         0.00000
        52.50000         0.00000
        53.00000         0.00000
        53.50000         4.44835
        54.00000         2.18318
        54.50000         0.00000
        55.00000         0.00000
        55.50000         0.00000
        56.00000         4.06004
        56.50000         0.00000
        57.00000         0.00000
        57.50000         5.77647
        58.00000         0.00000
        58.50000         0.00000
        59.00000         0.00000
        59.50000         0.00000
        60.00000         0.44209
        60.50000         0.00000
        61.00000         1.71087
        61.50000         3.36633
        62.00000         0.00000
        62.50000         0.00000
        63.00000         0.00000
        63.50000         2.36822
        64.00000         0.00000
        64.50000         3.57054
        65.00000         1.50679
        65.50000         0.00000
        66.00000         0.00000
        66.50000         0.00000
        67.00000         1.41817
        67.50000         0.00000
        68.00000         4.13030
        68.50000         2.71347
        69.00000         0.00000
        69.50000         0.00000
        70.00000         1.29922
        70.50000         0.00000
        71.00000         2.52576
        71.50000         0.00000
        72.00000         0.00000
        72.50000         0.00000
        73.00000         1.19463
        73.50000         0.00000
        74.00000         0.00000
        74.50000         4.87476
        75.00000         0.00000
        75.50000         0.00000
        76.00000         3.30653
        76.50000         0.00000
        77.00000         0.00000
        77.50000         4.59300
        78.00000         0.00000
        78.50000         0.00000
        79.00000         0.00000
        79.50000         0.00000
        80.00000         1.98943
        80.50000         2.94718
        81.00000         0.00000
        81.50000         0.00000
        82.00000         1.89357
        82.50000         0.00000
        83.00000         1.84822
        83.50000         0.00000
        84.00000         0.00000
        84.50000         0.44579
        85.00000         0.00000
        85.50000         4.35427
        86.00000         1.72152
        86.50000         0.00000
        87.00000         1.68217
        87.50000         0.00000
        88.00000         2.46624
        88.50000         1.62563
        89.00000         0.00000
        89.50000         0.99344
        90.00000         0.00000
        90.50000         1.81367
        91.00000         0.76877
        91.50000         0.00000
        92.00000         2.25644
        92.50000         0.00000
        93.00000         2.94424
        93.50000         0.00000
        94.00000         0.00000
        94.50000         0.71288
        95.00000         0.00000
        95.50000         3.49013
        96.00000         0.00000
        96.50000         0.00000
        97.00000         1.35321
        97.50000         3.34841
        98.00000         0.66287
        98.50000         0.00000
        99.00000         0.64954
        99.50000         0.00000
       100.00000         5.09295
       100.50000         0.00000
       101.00000         0.00000
       101.50000         1.23588
       102.00000         1.22380
       102.50000         0.00000
       103.00000         0.00000
       103.50000         0.19810
       104.00000         0.00000
       104.50000         3.64356
       105.00000         0.00000
       105.50000         2.00190
       106.00000         0.00000
       106.50000         3.36768
       107.00000         0.00000
       107.50000         0.55089
       108.00000         0.00000
       108.50000         1.62233
       109.00000         1.60748
       109.50000         0.00000
       110.00000         2.10452
       110.50000         2.08552
       111.00000         0.00000
       111.50000         0.00000
       112.00000         1.01502
       112.50000         2.51503
       113.00000         0.99713
       113.50000         0.00000
       114.00000         0.48986
       114.50000         2.42794
       115.00000         0.00000
       115.50000         0.00000
       116.00000         0.00000
       116.50000         3.43976
       117.00000         0.00000
       117.50000         1.84444
       118.00000         0.00000
       118.50000         3.17351
       119.00000         0.00000
       119.50000         0.11145
       120.00000         1.76839
       120.50000         1.75374
       121.00000         0.00000
       121.50000         1.72499
       122.00000         0.85544
       122.50000         0.42424
       123.00000         0.84159
       123.50000         0.00000
       124.00000         3.72631
       124.50000         0.00000
       125.00000         0.81487
       125.50000         1.21259
       126.00000         0.00000
       126.50000         0.00000
       127.00000         0.59206
       127.50000         2.34969
       128.00000         0.00000
       128.50000         1.92771
       129.00000         3.06049
       129.50000         0.88576
       130.00000         0.37670
       130.50000         0.00000
       131.00000         2.59677
       131.50000         0.00000
       132.00000         0.73074
       132.50000         2.17570
       133.00000         0.00000
       133.50000         0.35720
       134.00000         1.41817
       134.50000         1.49563
       135.00000         0.00000
       135.50000         0.69347
       136.00000         2.06516
       136.50000         0.00000
       137.00000         0.67837
       137.50000         2.69379
       138.00000         0.00000
       138.50000         1.65940
       139.00000         1.64748
       139.50000         0.00000
       140.00000         0.32481
       140.50000         1.28999
       141.00000         1.92129
       141.50000         1.58978
       142.00000         0.00000
       142.50000         1.98556
       143.00000         0.00000
       143.50000         0.00000
       144.00000         3.07011
       144.50000         0.00000
       145.00000         1.21117
       145.50000         0.90214
       146.00000         0.00000
       146.50000         0.29662
       147.00000         2.06225
       147.50000         0.00000
       148.00000         1.30788
       148.50000         3.17555
       149.00000         0.00000
       149.50000         0.35605
       150.00000         2.54647
       150.50000         0.00000
       151.00000         0.55841
       151.50000         1.66420
       152.00000         0.00000
       152.50000         0.82122
       153.00000         3.53542
       153.50000         0.00000
       154.00000         0.80530
       154.50000         1.33350
       155.00000         0.35331
       155.50000         0.00000
       156.00000         1.83117
       156.50000         1.55956
       157.00000         1.29137
       157.50000         0.00000
       158.00000         0.00000
       158.50000         1.52045
       159.00000         1.00727
       159.50000         1.00096
       160.00000         2.48679
       160.50000         0.00000
       161.00000         0.73680
       161.50000         2.92898
       162.00000         0.00000
       162.50000         0.72326
       163.00000         1.19805
       163.50000         0.47629
       164.00000         0.94678
       164.50000         0.76460
       165.00000         1.16918
       165.50000         2.55667
       166.00000         0.00000
       166.50000         0.00000
       167.00000         2.05442
       167.50000         1.36145
       168.00000         0.97742
       168.50000         0.00000
       169.00000         0.11145
       169.50000         2.65902
       170.00000         0.00000
       170.50000         0.43799
       171.00000         2.17715
       171.50000         0.43290
       172.00000         1.93670
       172.50000         0.42789
       173.00000         1.48896
       173.50000         1.90336
       174.00000         0.42054
       174.50000         0.62720
       175.00000         0.83150
       175.50000         0.82677
       176.00000         1.43864
       176.50000         0.40871
       177.00000         1.82884
       177.50000         0.80825
       178.00000         0.40186
       178.50000         0.99902
       179.00000         0.00000
       179.50000         1.82765
       180.00000         0.78595
       180.50000         1.56321
       181.00000         1.81367
       181.50000         0.19325
       182.00000         0.76877
       182.50000         1.33798
       183.00000         0.95049
       183.50000         0.94532
       184.00000         0.56411
       184.50000         1.87019
       185.00000         1.11606
       185.50000         0.74003
       186.00000         1.65614
